        0. 0.00227614  0.00682501  0.01365000  0.02730000  0.05460000  0.10920000  0.24115002  0.39129992  0.91910002  1.70170008  
   172800. 0.00296566  0.00875950  0.01684274  0.03069691  0.05533304  0.10923834  0.24116174  0.39130308  0.91910746  1.70171384  
   345600. 0.00313145  0.00931229  0.01820890  0.03439884  0.05916417  0.10960094  0.24117803  0.39130633  0.91911509  1.70172797  
   518400. 0.00322097  0.00961001  0.01894327  0.03645058  0.06463451  0.11091324  0.24121856  0.39130976  0.91912314  1.70174288  
   691200. 0.00327896  0.00980345  0.01942619  0.03786083  0.06957038  0.11372052  0.24132680  0.39131370  0.91913239  1.70176001  
   864000. 0.00332103  0.00994428  0.01978058  0.03891117  0.07330293  0.11814817  0.24157371  0.39131890  0.91914462  1.70178264  
  1036800. 0.00334985  0.01004108  0.02002592  0.03964788  0.07596249  0.12388649  0.24206021  0.39132679  0.91916315  1.70181696  
  1209600. 0.00336883  0.01010500  0.02018914  0.04014703  0.07785458  0.13037979  0.24291656  0.39133971  0.91919348  1.70187312  
  1382400. 0.00338178  0.01014874  0.02030161  0.04049800  0.07927082  0.13704554  0.24429292  0.39136118  0.91924392  1.70196650  
  1555200. 0.00339140  0.01018127  0.02038578  0.04076547  0.08041220  0.14342744  0.24634073  0.39139622  0.91932623  1.70211890  
  1728000. 0.00339908  0.01020728  0.02045337  0.04098298  0.08137656  0.14923916  0.24919045  0.39145157  0.91945622  1.70235957  
  1900800. 0.00340536  0.01022857  0.02050884  0.04116287  0.08219269  0.15433435  0.25293182  0.39153588  0.91965427  1.70272626  
  2073600. 0.00341041  0.01024570  0.02055356  0.04130854  0.08286338  0.15865909  0.25759961  0.39166004  0.91994589  1.70326619  
  2246400. 0.00341433  0.01025902  0.02058838  0.04142230  0.08339301  0.16221922  0.26316674  0.39183727  0.92036218  1.70403694  
  2419200. 0.00341727  0.01026902  0.02061457  0.04150805  0.08379605  0.16506526  0.26954666  0.39208332  0.92094011  1.70510697  
  2592000. 0.00341943  0.01027634  0.02063374  0.04157097  0.08409424  0.16728273  0.27660627  0.39241642  0.92172251  1.70655557  
  2764800. 0.00342098  0.01028161  0.02064756  0.04161638  0.08431116  0.16897896  0.28418629  0.39285714  0.92275769  1.70847219  
  2937600. 0.00342209  0.01028538  0.02065746  0.04164901  0.08446822  0.17026709  0.29212261  0.39342814  0.92409887  1.71095538  
  3110400. 0.00342289  0.01028811  0.02066462  0.04167264  0.08458291  0.17125193  0.30026302  0.39415383  0.92580341  1.71411130  
  3283200. 0.00342348  0.01029012  0.02066990  0.04169011  0.08466853  0.17202118  0.30847652  0.39506005  0.92793197  1.71805231  
  3456000. 0.00342393  0.01029165  0.02067391  0.04170345  0.08473466  0.17264225  0.31665628  0.39617369  0.93054773  1.72289534  
  3628800. 0.00342428  0.01029286  0.02067710  0.04171408  0.08478789  0.17316317  0.32471802  0.39752235  0.93371551  1.72876044  
  3801600. 0.00342458  0.01029386  0.02067974  0.04172290  0.08483252  0.17361568  0.33259644  0.39913397  0.93750093  1.73576909  
  3974400. 0.00342483  0.01029472  0.02068201  0.04173049  0.08487123  0.17401900  0.34024094  0.40103641  0.94196947  1.74404253  
  4147200. 0.00342505  0.01029547  0.02068400  0.04173718  0.08490553  0.17438357  0.34761171  0.40325704  0.94718535  1.75369966  
  4320000. 0.00342525  0.01029615  0.02068578  0.04174316  0.08493623  0.17471417  0.35467664  0.40582211  0.95321030  1.76485476  
  4492800. 0.00342543  0.01029675  0.02068737  0.04174851  0.08496371  0.17501237  0.36140905  0.40875625  0.96010211  1.77761484  
  4665600. 0.00342558  0.01029729  0.02068878  0.04175326  0.08498812  0.17527836  0.36778630  0.41208168  0.96791300  1.79207659  
  4838400. 0.00342572  0.01029776  0.02069003  0.04175744  0.08500954  0.17551209  0.37378919  0.41581754  0.97668793  1.80832323  
  5011200. 0.00342584  0.01029817  0.02069111  0.04176105  0.08502805  0.17571398  0.37940191  0.41997911  0.98646280  1.82642126  
  5184000. 0.00342595  0.01029852  0.02069203  0.04176414  0.08504379  0.17588523  0.38461236  0.42457717  0.99726288  1.84641745  
  5356800. 0.00342603  0.01029881  0.02069280  0.04176672  0.08505693  0.17602778  0.38941270  0.42961734  1.00910142  1.86833634  
  5529600. 0.00342610  0.01029905  0.02069344  0.04176885  0.08506771  0.17614423  0.39379992  0.43509975  1.02197872  1.89217846  
  5702400. 0.00342616  0.01029925  0.02069395  0.04177057  0.08507640  0.17623762  0.39777621  0.44101883  1.03588168  1.91791958  
  5875200. 0.00342621  0.01029940  0.02069436  0.04177193  0.08508328  0.17631114  0.40134921  0.44736339  1.05078401  1.94551104  
  6048000. 0.00342624  0.01029952  0.02069468  0.04177300  0.08508863  0.17636801  0.40453183  0.45411694  1.06664702  1.97488116  
  6220800. 0.00342627  0.01029962  0.02069493  0.04177382  0.08509273  0.17641123  0.40734190  0.46125831  1.08342094  2.00593782  
  6393600. 0.00342629  0.01029969  0.02069511  0.04177443  0.08509581  0.17644353  0.40980151  0.46876236  1.10104673  2.03857171  
  6566400. 0.00342630  0.01029974  0.02069525  0.04177489  0.08509809  0.17646728  0.41193620  0.47660091  1.11945821  2.07266029  
  6739200. 0.00342632  0.01029978  0.02069535  0.04177523  0.08509976  0.17648447  0.41377400  0.48474370  1.13858431  2.10807199  
  6912000. 0.00342632  0.01029981  0.02069542  0.04177547  0.08510095  0.17649672  0.41534446  0.49315938  1.15835138  2.14467043  
  7084800. 0.00342633  0.01029983  0.02069547  0.04177564  0.08510180  0.17650533  0.41667767  0.50181640  1.17868531  2.18231840  
  7257600. 0.00342633  0.01029984  0.02069551  0.04177576  0.08510239  0.17651129  0.41780344  0.51068384  1.19951348  2.22088145  
  7430400. 0.00342634  0.01029985  0.02069554  0.04177584  0.08510279  0.17651537  0.41875050  0.51973211  1.22076640  2.26023092  
  7603200. 0.00342634  0.01029986  0.02069555  0.04177590  0.08510307  0.17651813  0.41954590  0.52893353  1.24237905  2.30024641  
  7776000. 0.00342634  0.01029986  0.02069556  0.04177594  0.08510325  0.17651996  0.42021456  0.53826273  1.26429182  2.34081759  
  7948800. 0.00342634  0.01029986  0.02069557  0.04177596  0.08510338  0.17652117  0.42077891  0.54769696  1.28645129  2.38184551  
  8121600. 0.00342634  0.01029987  0.02069558  0.04177598  0.08510346  0.17652195  0.42125866  0.55721626  1.30881058  2.42324342  
  8294400. 0.00342634  0.01029987  0.02069558  0.04177599  0.08510351  0.17652243  0.42167074  0.56680356  1.33132961  2.46493707  
  8467200. 0.00342634  0.01029987  0.02069558  0.04177600  0.08510354  0.17652273  0.42202921  0.57644469  1.35397507  2.50686478  
  8640000. 0.00342634  0.01029987  0.02069558  0.04177600  0.08510356  0.17652288  0.42234537  0.58612829  1.37672026  2.54897717  
  8812800. 0.00342634  0.01029987  0.02069558  0.04177600  0.08510357  0.17652295  0.42262781  0.59584570  1.39954489  2.59123664  
  8985600. 0.00342634  0.01029987  0.02069558  0.04177600  0.08510357  0.17652295  0.42288259  0.60559086  1.42243467  2.63361672  
  9158400. 0.00342634  0.01029987  0.02069558  0.04177600  0.08510357  0.17652291  0.42311339  0.61536004  1.44538090  2.67610133  
  9331200. 0.00342634  0.01029987  0.02069558  0.04177600  0.08510356  0.17652283  0.42332173  0.62515173  1.46837998  2.71868380  
  9504000. 0.00342634  0.01029987  0.02069558  0.04177600  0.08510355  0.17652273  0.42350716  0.63496634  1.49143292  2.76136597  
  9676800. 0.00342634  0.01029987  0.02069558  0.04177600  0.08510354  0.17652261  0.42366755  0.64480601  1.51454471  2.80415711  
  9849600. 0.00342634  0.01029987  0.02069558  0.04177600  0.08510354  0.17652250  0.42379929  0.65467433  1.53772379  2.84707283  
 10022400. 0.00342634  0.01029987  0.02069558  0.04177600  0.08510353  0.17652239  0.42389759  0.66457609  1.56098140  2.89013395  
 10195200. 0.00342634  0.01029987  0.02069558  0.04177599  0.08510352  0.17652231  0.42395671  0.67451699  1.58433098  2.93336535  
 10368000. 0.00342634  0.01029987  0.02069558  0.04177599  0.08510351  0.17652227  0.42397025  0.68450344  1.60778753  2.97679481  
 10540800. 0.00342634  0.01029987  0.02069558  0.04177599  0.08510351  0.17652226  0.42393140  0.69453526  1.63135066  3.02042158  
 10713600. 0.00342634  0.01029987  0.02069558  0.04177599  0.08510351  0.17652231  0.42383339  0.70459568  1.65498095  3.06417271  
 10886400. 0.00342634  0.01029987  0.02069558  0.04177599  0.08510352  0.17652241  0.42366975  0.71468899  1.67868850  3.10806690  
 11059200. 0.00342634  0.01029987  0.02069558  0.04177600  0.08510353  0.17652255  0.42343449  0.72482100  1.70248697  3.15212942  
 11232000. 0.00342634  0.01029987  0.02069558  0.04177600  0.08510354  0.17652271  0.42312220  0.73499703  1.72638881  3.19638332  
 11404800. 0.00342634  0.01029987  0.02069558  0.04177600  0.08510356  0.17652286  0.42272819  0.74522177  1.75040507  3.24084907  
 11577600. 0.00342634  0.01029987  0.02069558  0.04177600  0.08510356  0.17652293  0.42224855  0.75549929  1.77454531  3.28554437  
 11750400. 0.00342634  0.01029987  0.02069558  0.04177600  0.08510356  0.17652287  0.42168014  0.76583302  1.79881758  3.33048411  
 11923200. 0.00342634  0.01029987  0.02069558  0.04177600  0.08510355  0.17652258  0.42102058  0.77622575  1.82322843  3.37568045  
 12096000. 0.00342634  0.01029987  0.02069558  0.04177599  0.08510352  0.17652247  0.42408787  0.78259828  1.83819647  3.40339354  
 12268800. 0.00342634  0.01029986  0.02069557  0.04177593  0.08510300  0.17650861  0.43302352  0.78259851  1.83819700  3.40339453  
 12441600. 0.00342633  0.01029981  0.02069543  0.04177544  0.08509977  0.17645115  0.44182779  0.78259873  1.83819753  3.40339551  
 12614400. 0.00342629  0.01029968  0.02069508  0.04177420  0.08509245  0.17634025  0.45051428  0.78259895  1.83819805  3.40339648  
 12787200. 0.00342622  0.01029946  0.02069449  0.04177213  0.08508063  0.17617504  0.45908670  0.78259917  1.83819857  3.40339743  
 12960000. 0.00342613  0.01029914  0.02069364  0.04176920  0.08506434  0.17595784  0.46754564  0.78259939  1.83819908  3.40339837  
 13132800. 0.00342601  0.01029873  0.02069255  0.04176545  0.08504374  0.17569206  0.47589102  0.78259960  1.83819958  3.40339930  
 13305600. 0.00342590  0.01029835  0.02069162  0.04176337  0.08505560  0.17711850  0.48229694  0.78259977  1.83819996  3.40340001  
 13478400. 0.00342791  0.01030524  0.02071023  0.04183133  0.08548332  0.18406552  0.48229739  0.78259977  1.83819996  3.40340001  
 13651200. 0.00343058  0.01031431  0.02073416  0.04191173  0.08589807  0.19077539  0.48229783  0.78259977  1.83819996  3.40340001  
 13824000. 0.00343246  0.01032071  0.02075101  0.04196746  0.08617489  0.19742068  0.48229826  0.78259977  1.83819996  3.40340001  
 13996800. 0.00343346  0.01032413  0.02075996  0.04199644  0.08630921  0.20400011  0.48229868  0.78259977  1.83819996  3.40340001  
 14169600. 0.00343367  0.01032486  0.02076176  0.04200115  0.08631310  0.21049391  0.48229910  0.78259977  1.83819996  3.40340001  
 14342400. 0.00343319  0.01032320  0.02075727  0.04198450  0.08620196  0.21688371  0.48229952  0.78259977  1.83819996  3.40340001  
 14515200. 0.00344752  0.01037231  0.02089184  0.04249907  0.08995538  0.21839447  0.48229962  0.78259977  1.83819996  3.40340001  
 14688000. 0.00346918  0.01044652  0.02109039  0.04319311  0.09478193  0.21839575  0.48229962  0.78259977  1.83819996  3.40340001  
 14860800. 0.00348384  0.01049691  0.02122647  0.04368359  0.09974040  0.21839707  0.48229962  0.78259977  1.83819996  3.40340001  
 15033600. 0.00349211  0.01052539  0.02130371  0.04396613  0.10479971  0.21839841  0.48229962  0.78259977  1.83819996  3.40340001  
 15206400. 0.00350433  0.01056824  0.02143408  0.04463043  0.10918813  0.21839958  0.48229962  0.78259977  1.83819996  3.40340001  
 15379200. 0.00358705  0.01085797  0.02226310  0.04850369  0.10919266  0.21839958  0.48229962  0.78259977  1.83819996  3.40340001  
 15552000. 0.00363486  0.01102912  0.02278958  0.05272827  0.10919760  0.21839958  0.48229962  0.78259977  1.83819996  3.40340001  
 15724800. 0.00378977  0.01161290  0.02504940  0.05458094  0.10919977  0.21839958  0.48229962  0.78259977  1.83819996  3.40340001  
 15897600. 0.00431249  0.01359598  0.02729735  0.05459990  0.10919979  0.21839958  0.48229962  0.78259977  1.83819996  3.40340001  
 16070400. 0.00454910  0.01364972  0.02729996  0.05459992  0.10919979  0.21839958  0.48229962  0.78259977  1.83819996  3.40340001  
 16243200. 0.00454910  0.01364972  0.02729996  0.05459992  0.10919979  0.21839958  0.48229962  0.78259977  1.83819996  3.40340001  
 16416000. 0.00454910  0.01364972  0.02729996  0.05459992  0.10919979  0.21839958  0.48229962  0.78259977  1.83819996  3.40340001  
 16588800. 0.00454910  0.01364972  0.02729996  0.05459992  0.10919979  0.21839958  0.48229962  0.78259977  1.83819996  3.40340001  
 16761600. 0.00454910  0.01364972  0.02729996  0.05459992  0.10919979  0.21839958  0.48229962  0.78259977  1.83819996  3.40340001  
 16934400. 0.00454910  0.01364972  0.02729996  0.05459992  0.10919979  0.21839958  0.48229962  0.78259977  1.83819996  3.40340001  
 17107200. 0.00454910  0.01364972  0.02729996  0.05459992  0.10919979  0.21839958  0.48229962  0.78259977  1.83819996  3.40340001  
 17280000. 0.00454910  0.01364972  0.02729996  0.05459992  0.10919979  0.21839958  0.48229962  0.78259977  1.83819996  3.40340001  
 17452800. 0.00454910  0.01364972  0.02729996  0.05459992  0.10919979  0.21839958  0.48229962  0.78259977  1.83819996  3.40340001  
 17625600. 0.00454910  0.01364972  0.02729996  0.05459992  0.10919979  0.21839958  0.48229962  0.78259977  1.83819996  3.40340001  
 17798400. 0.00454910  0.01364972  0.02729996  0.05459992  0.10919979  0.21839958  0.48229962  0.78259977  1.83819996  3.40340001  
 17971200. 0.00454910  0.01364972  0.02729996  0.05459992  0.10919979  0.21839958  0.48229962  0.78259977  1.83819996  3.40340001  
 18144000. 0.00454910  0.01364972  0.02729996  0.05459992  0.10919979  0.21839958  0.48229962  0.78259977  1.83819996  3.40340001  
 18316800. 0.00454910  0.01364972  0.02729996  0.05459992  0.10919979  0.21839958  0.48229962  0.78259977  1.83819996  3.40340001  
 18489600. 0.00454910  0.01364972  0.02729996  0.05459992  0.10919979  0.21839958  0.48229962  0.78259977  1.83819996  3.40340001  
 18662400. 0.00454910  0.01364972  0.02729996  0.05459992  0.10919979  0.21839958  0.48229962  0.78259977  1.83819996  3.40340001  
 18835200. 0.00454910  0.01364972  0.02729996  0.05459992  0.10919979  0.21839958  0.48229962  0.78259977  1.83819996  3.40340001  
 19008000. 0.00454910  0.01364972  0.02729996  0.05459992  0.10919979  0.21839958  0.48229962  0.78259977  1.83819996  3.40340001  
 19180800. 0.00454910  0.01364972  0.02729996  0.05459992  0.10919979  0.21839958  0.48229962  0.78259977  1.83819996  3.40340001  
 19353600. 0.00454910  0.01364972  0.02729996  0.05459992  0.10919979  0.21839958  0.48229962  0.78259977  1.83819996  3.40340001  
 19526400. 0.00454910  0.01364972  0.02729996  0.05459992  0.10919979  0.21839958  0.48229962  0.78259977  1.83819996  3.40340001  
 19699200. 0.00454910  0.01364972  0.02729996  0.05459992  0.10919979  0.21839958  0.48229962  0.78259977  1.83819996  3.40340001  
 19872000. 0.00454910  0.01364972  0.02729996  0.05459992  0.10919979  0.21839958  0.48229962  0.78259977  1.83819996  3.40340001  
 20044800. 0.00454910  0.01364972  0.02729996  0.05459992  0.10919979  0.21839958  0.48229962  0.78259977  1.83819996  3.40340001  
 20217600. 0.00454910  0.01364972  0.02729996  0.05459992  0.10919979  0.21839958  0.48229962  0.78259977  1.83819996  3.40340001  
 20390400. 0.00454910  0.01364972  0.02729996  0.05459992  0.10919979  0.21839958  0.48229962  0.78259977  1.83819996  3.40340001  
 20563200. 0.00454910  0.01364972  0.02729996  0.05459992  0.10919979  0.21839958  0.48229962  0.78259977  1.83819996  3.40340001  
 20736000. 0.00454910  0.01364972  0.02729996  0.05459992  0.10919979  0.21839958  0.48229962  0.78259977  1.83819996  3.40340001  
 20908800. 0.00454910  0.01364972  0.02729996  0.05459992  0.10919979  0.21839958  0.48229962  0.78259977  1.83819996  3.40340001  
 21081600. 0.00454910  0.01364972  0.02729996  0.05459992  0.10919979  0.21839958  0.48229962  0.78259977  1.83819996  3.40340001  
 21254400. 0.00454910  0.01364972  0.02729996  0.05459992  0.10919979  0.21839958  0.48229962  0.78259977  1.83819996  3.40340001  
 21427200. 0.00454910  0.01364972  0.02729996  0.05459992  0.10919979  0.21839958  0.48229962  0.78259977  1.83819996  3.40340001  
 21600000. 0.00454910  0.01364972  0.02729996  0.05459992  0.10919979  0.21839958  0.48229962  0.78259977  1.83819996  3.40340001  
 21772800. 0.00454910  0.01364972  0.02729996  0.05459992  0.10919979  0.21839958  0.48229962  0.78259977  1.83819996  3.40340001  
 21945600. 0.00454910  0.01364972  0.02729996  0.05459992  0.10919979  0.21839958  0.48229962  0.78259977  1.83819996  3.40340001  
 22118400. 0.00454910  0.01364972  0.02729996  0.05459992  0.10919979  0.21839958  0.48229962  0.78259977  1.83819996  3.40340001  
 22291200. 0.00454910  0.01364972  0.02729996  0.05459992  0.10919979  0.21839958  0.48229962  0.78259977  1.83819996  3.40340001  
 22464000. 0.00454910  0.01364972  0.02729996  0.05459992  0.10919979  0.21839958  0.48229962  0.78259977  1.83819996  3.40340001  
 22636800. 0.00454910  0.01364972  0.02729996  0.05459992  0.10919979  0.21839958  0.48229962  0.78259977  1.83819996  3.40340001  
 22809600. 0.00454910  0.01364972  0.02729996  0.05459992  0.10919979  0.21839958  0.48229962  0.78259977  1.83819996  3.40340001  
 22982400. 0.00454910  0.01364972  0.02729996  0.05459992  0.10919979  0.21839958  0.48229962  0.78259977  1.83819996  3.40340001  
 23155200. 0.00454910  0.01364972  0.02729996  0.05459992  0.10919979  0.21839958  0.48229962  0.78259977  1.83819996  3.40340001  
 23328000. 0.00454910  0.01364972  0.02729996  0.05459992  0.10919979  0.21839958  0.48229962  0.78259977  1.83819996  3.40340001  
 23500800. 0.00454910  0.01364972  0.02729996  0.05459992  0.10919979  0.21839958  0.48229962  0.78259977  1.83819996  3.40340001  
 23673600. 0.00454910  0.01364972  0.02729996  0.05459992  0.10919979  0.21839958  0.48229962  0.78259977  1.83819996  3.40340001  
 23846400. 0.00454910  0.01364972  0.02729996  0.05459992  0.10919979  0.21839958  0.48229962  0.78259977  1.83819996  3.40340001  
 24019200. 0.00454910  0.01364972  0.02729996  0.05459992  0.10919979  0.21839958  0.48229962  0.78259977  1.83819996  3.40340001  
 24192000. 0.00454861  0.01364955  0.02729993  0.05459990  0.10919977  0.21839958  0.48229962  0.78259977  1.83819996  3.40340001  
 24364800. 0.00371894  0.01138242  0.02420143  0.05457777  0.10919974  0.21839958  0.48229962  0.78259977  1.83819996  3.40340001  
 24537600. 0.00356891  0.01085072  0.02248397  0.05086593  0.10919540  0.21839958  0.48229962  0.78259977  1.83819996  3.40340001  
 24710400. 0.00347404  0.01053041  0.02160801  0.04619073  0.10918993  0.21839958  0.48229962  0.78259977  1.83819996  3.40340001  
 24883200. 0.00337553  0.01020848  0.02082225  0.04362183  0.10711034  0.21839903  0.48229962  0.78259977  1.83819996  3.40340001  
 25056000. 0.00336306  0.01016812  0.02072474  0.04331370  0.10192729  0.21839765  0.48229962  0.78259977  1.83819996  3.40340001  
 25228800. 0.00334171  0.01009930  0.02056037  0.04281256  0.09722925  0.21839640  0.48229962  0.78259977  1.83819996  3.40340001  
 25401600. 0.00331129  0.01000180  0.02033111  0.04214483  0.09295027  0.21839526  0.48229962  0.78259977  1.83819996  3.40340001  
 25574400. 0.00327188  0.00987627  0.02004113  0.04134000  0.08902070  0.21839422  0.48229962  0.78259977  1.83819996  3.40340001  
 25747200. 0.00322371  0.00972398  0.01969590  0.04042772  0.08540691  0.21836065  0.48229961  0.78259977  1.83819996  3.40340001  
 25920000. 0.00319128  0.00962254  0.01947816  0.03996243  0.08460730  0.21509553  0.48229940  0.78259977  1.83819996  3.40340001  
 26092800. 0.00318483  0.00960243  0.01943555  0.03987495  0.08445443  0.21067711  0.48229912  0.78259977  1.83819996  3.40340001  
 26265600. 0.00318154  0.00959214  0.01941294  0.03982003  0.08427859  0.20637122  0.48229884  0.78259977  1.83819996  3.40340001  
 26438400. 0.00317765  0.00957995  0.01938595  0.03975229  0.08404648  0.20228689  0.48229857  0.78259977  1.83819996  3.40340001  
 26611200. 0.00317266  0.00956435  0.01935147  0.03966636  0.08375809  0.19842298  0.48229832  0.78259977  1.83819996  3.40340001  
 26784000. 0.00316656  0.00954527  0.01930941  0.03956248  0.08341805  0.19476313  0.48229808  0.78259977  1.83819996  3.40340001  
 26956800. 0.00315937  0.00952281  0.01926006  0.03944160  0.08303137  0.19128966  0.48229786  0.78259977  1.83819996  3.40340001  
 27129600. 0.00315113  0.00949710  0.01920374  0.03930468  0.08260277  0.18798575  0.48229764  0.78259977  1.83819996  3.40340001  
 27302400. 0.00314188  0.00946825  0.01914070  0.03915259  0.08213660  0.18483581  0.48229744  0.78259977  1.83819996  3.40340001  
 27475200. 0.00313163  0.00943634  0.01907120  0.03898615  0.08163684  0.18182551  0.48229724  0.78259977  1.83819996  3.40340001  
 27648000. 0.00312041  0.00940144  0.01899543  0.03880609  0.08110708  0.17894174  0.48229706  0.78259977  1.83819996  3.40340001  
 27820800. 0.00310824  0.00936363  0.01891360  0.03861309  0.08055063  0.17617258  0.48229688  0.78259977  1.83819996  3.40340001  
 27993600. 0.00309513  0.00932297  0.01882588  0.03840782  0.07997044  0.17350719  0.48229671  0.78259977  1.83819996  3.40340001  
 28166400. 0.00308112  0.00927959  0.01873266  0.03819150  0.07937289  0.17102164  0.48220561  0.78259976  1.83819996  3.40340000  
 28339200. 0.00306727  0.00923678  0.01864162  0.03798861  0.07889145  0.16998424  0.48092649  0.78259973  1.83819988  3.40339986  
 28512000. 0.00305668  0.00920412  0.01857292  0.03784215  0.07859280  0.16958688  0.47876802  0.78259968  1.83819975  3.40339962  
 28684800. 0.00304948  0.00918192  0.01852645  0.03774446  0.07840234  0.16935339  0.47629250  0.78259961  1.83819960  3.40339934  
 28857600. 0.00304463  0.00916700  0.01849523  0.03767897  0.07827467  0.16918041  0.47367983  0.78259955  1.83819945  3.40339905  
 29030400. 0.00304129  0.00915671  0.01847369  0.03763359  0.07818415  0.16903433  0.47101183  0.78259948  1.83819928  3.40339876  
 29203200. 0.00303887  0.00914927  0.01845810  0.03760051  0.07811565  0.16890014  0.46833279  0.78259941  1.83819912  3.40339846  
 29376000. 0.00303702  0.00914357  0.01844613  0.03757481  0.07805997  0.16876986  0.46566839  0.78259934  1.83819896  3.40339816  
 29548800. 0.00303550  0.00913888  0.01843627  0.03755342  0.07801143  0.16863890  0.46303381  0.78259927  1.83819881  3.40339787  
 29721600. 0.00303416  0.00913477  0.01842759  0.03753438  0.07796650  0.16850454  0.46043793  0.78259921  1.83819865  3.40339758  
 29894400. 0.00303292  0.00913094  0.01841950  0.03751648  0.07792294  0.16836522  0.45788582  0.78259914  1.83819850  3.40339730  
 30067200. 0.00303171  0.00912722  0.01841162  0.03749894  0.07787938  0.16822001  0.45538010  0.78259908  1.83819835  3.40339702  
 30240000. 0.00303050  0.00912348  0.01840371  0.03748127  0.07783495  0.16806846  0.45292192  0.78259901  1.83819820  3.40339674  
 30412800. 0.00302926  0.00911966  0.01839562  0.03746316  0.07778912  0.16791036  0.45051148  0.78259895  1.83819805  3.40339647  
 30585600. 0.00302798  0.00911571  0.01838726  0.03744443  0.07774156  0.16774568  0.44814835  0.78259889  1.83819791  3.40339621  
 30758400. 0.00302665  0.00911161  0.01837858  0.03742497  0.07769209  0.16757449  0.44583177  0.78259883  1.83819777  3.40339595  
 30931200. 0.00302526  0.00910734  0.01836953  0.03740470  0.07764062  0.16739694  0.44356074  0.78259878  1.83819764  3.40339570  
 31104000. 0.00302381  0.00910288  0.01836010  0.03738358  0.07758708  0.16721321  0.44133412  0.78259872  1.83819750  3.40339545  
 31276800. 0.00302230  0.00909824  0.01835027  0.03736161  0.07753148  0.16702351  0.43915072  0.78259866  1.83819737  3.40339521  
 31449600. 0.00302073  0.00909341  0.01834006  0.03733878  0.07747383  0.16682804  0.43700929  0.78259861  1.83819724  3.40339497  
 31622400. 0.00301910  0.00908839  0.01832944  0.03731508  0.07741414  0.16662704  0.43490860  0.78259855  1.83819712  3.40339474  
 31795200. 0.00301741  0.00908318  0.01831844  0.03729053  0.07735246  0.16642072  0.43284741  0.78259850  1.83819699  3.40339451  
 31968000. 0.00301566  0.00907779  0.01830704  0.03726513  0.07728881  0.16620930  0.43082450  0.78259845  1.83819687  3.40339428  
 32140800. 0.00301385  0.00907221  0.01829526  0.03723890  0.07722324  0.16599298  0.42883869  0.78259840  1.83819675  3.40339406  
 32313600. 0.00301197  0.00906645  0.01828309  0.03721185  0.07715579  0.16577197  0.42688881  0.78259835  1.83819663  3.40339385  
 32486400. 0.00301004  0.00906051  0.01827055  0.03718399  0.07708650  0.16554647  0.42497375  0.78259830  1.83819652  3.40339363  
 32659200. 0.00300805  0.00905438  0.01825764  0.03715533  0.07701540  0.16531667  0.42309240  0.78259825  1.83819641  3.40339342  
 32832000. 0.00300600  0.00904808  0.01824436  0.03712588  0.07694254  0.16508274  0.42124370  0.78259820  1.83819629  3.40339322  
 33004800. 0.00300389  0.00904161  0.01823071  0.03709565  0.07686794  0.16484487  0.41942664  0.78259816  1.83819619  3.40339302  
 33177600. 0.00300173  0.00903496  0.01821670  0.03706466  0.07679165  0.16460321  0.41764020  0.78259811  1.83819608  3.40339282  
 33350400. 0.00299951  0.00902814  0.01820234  0.03703292  0.07671370  0.16435793  0.41588345  0.78259807  1.83819597  3.40339262  
 33523200. 0.00299724  0.00902115  0.01818763  0.03700043  0.07663412  0.16410917  0.41415545  0.78259802  1.83819587  3.40339243  
 33696000. 0.00299491  0.00901399  0.01817257  0.03696721  0.07655294  0.16385709  0.41245529  0.78259798  1.83819577  3.40339224  
 33868800. 0.00299252  0.00900667  0.01815716  0.03693326  0.07647020  0.16360183  0.41078213  0.78259794  1.83819567  3.40339205  
 34041600. 0.00299008  0.00899917  0.01814141  0.03689859  0.07638591  0.16334351  0.40913512  0.78259789  1.83819557  3.40339187  
 34214400. 0.00298759  0.00899151  0.01812532  0.03686321  0.07630011  0.16308226  0.40751345  0.78259785  1.83819547  3.40339169  
 34387200. 0.00298504  0.00898369  0.01810890  0.03682715  0.07621303  0.16282102  0.40591249  0.78259808  1.83819600  3.40339268  
 34560000. 0.00298244  0.00897573  0.01809218  0.03679046  0.07612444  0.16255278  0.40434047  0.78259804  1.83819592  3.40339252  
 34732800. 0.00297979  0.00896758  0.01807509  0.03675301  0.07603424  0.16228408  0.40289043  0.78249701  1.83795860  3.40295314  
 34905600. 0.00297709  0.00895931  0.01805775  0.03671514  0.07594443  0.16203455  0.40198560  0.78231998  1.83754280  3.40218328  
 35078400. 0.00297443  0.00895113  0.01804066  0.03667815  0.07585964  0.16182358  0.40142795  0.78193678  1.83664271  3.40051677  
 35251200. 0.00297190  0.00894338  0.01802448  0.03664344  0.07578233  0.16164582  0.40101873  0.78136181  1.83529220  3.39801633  
 35424000. 0.00296957  0.00893624  0.01800960  0.03661172  0.07571308  0.16149516  0.40070479  0.78065276  1.83362677  3.39493281  
 35596800. 0.00296746  0.00892978  0.01799617  0.03658319  0.07565166  0.16136661  0.40045352  0.77984729  1.83173485  3.39142996  
 35769600. 0.00296558  0.00892402  0.01798418  0.03655779  0.07559749  0.16125611  0.40024441  0.77897077  1.82967604  3.38761809  
 35942400. 0.00296391  0.00891890  0.01797355  0.03653531  0.07554983  0.16116043  0.40006430  0.77804081  1.82749170  3.38357383  
 36115200. 0.00296243  0.00891438  0.01796415  0.03651547  0.07550792  0.16107699  0.39990452  0.77707001  1.82521145  3.37935198  
 36288000. 0.00296113  0.00891039  0.01795586  0.03649798  0.07547101  0.16100367  0.39975924  0.77606763  1.82285704  3.37499282  
 36460800. 0.00295997  0.00890686  0.01794853  0.03648253  0.07543844  0.16093875  0.39962446  0.77504067  1.82044487  3.37052672  
 36633600. 0.00295895  0.00890374  0.01794205  0.03646885  0.07540958  0.16088083  0.39949732  0.77399450  1.81798759  3.36597711  
 36806400. 0.00295805  0.00890097  0.01793630  0.03645671  0.07538390  0.16082875  0.39937577  0.77293336  1.81549514  3.36136237  
 36979200. 0.00295724  0.00889850  0.01793117  0.03644588  0.07536092  0.16078152  0.39925828  0.77186062  1.81297544  3.35669719  
 37152000. 0.00295652  0.00889628  0.01792657  0.03643617  0.07534025  0.16073834  0.39914370  0.77077901  1.81043492  3.35199345  
 37324800. 0.00295587  0.00889429  0.01792243  0.03642741  0.07532152  0.16069853  0.39903113  0.76969077  1.80787883  3.34726088  
 37497600. 0.00295528  0.00889248  0.01791868  0.03641946  0.07530443  0.16066153  0.39891988  0.76859774  1.80531148  3.34250747  
 37670400. 0.00295474  0.00889083  0.01791525  0.03641219  0.07528873  0.16062683  0.39880937  0.76750145  1.80273647  3.33773987  
 37843200. 0.00295424  0.00888932  0.01791210  0.03640550  0.07527419  0.16059404  0.39869917  0.76640317  1.80015678  3.33296363  
 38016000. 0.00295378  0.00888791  0.01790918  0.03639929  0.07526061  0.16056281  0.39858891  0.76530397  1.79757493  3.32818337  
 38188800. 0.00295336  0.00888660  0.01790645  0.03639348  0.07524784  0.16053284  0.39847828  0.76420474  1.79499302  3.32340300  
 38361600. 0.00295295  0.00888537  0.01790388  0.03638801  0.07523573  0.16050388  0.39836704  0.76310624  1.79241282  3.31862579  
 38534400. 0.00295257  0.00888420  0.01790145  0.03638281  0.07522417  0.16047572  0.39825499  0.76200909  1.78983580  3.31385448  
 38707200. 0.00295221  0.00888308  0.01789913  0.03637784  0.07521305  0.16044819  0.39814195  0.76091384  1.78726323  3.30909141  
 38880000. 0.00295185  0.00888201  0.01789689  0.03637305  0.07520229  0.16042111  0.39802778  0.75982093  1.78469616  3.30433852  
 39052800. 0.00295151  0.00888097  0.01789473  0.03636841  0.07519180  0.16039437  0.39791236  0.75873074  1.78213548  3.29959745  
 39225600. 0.00295118  0.00887995  0.01789262  0.03636388  0.07518152  0.16036784  0.39779561  0.75764359  1.77958193  3.29486959  
 39398400. 0.00295086  0.00887896  0.01789055  0.03635944  0.07517141  0.16034143  0.39767743  0.75655974  1.77703614  3.29015610  
 39571200. 0.00295054  0.00887799  0.01788851  0.03635506  0.07516141  0.16031507  0.39755776  0.75547941  1.77449863  3.28545793  
 39744000. 0.00295023  0.00887702  0.01788650  0.03635073  0.07515147  0.16028867  0.39743655  0.75440279  1.77196983  3.28077591  
 39916800. 0.00294991  0.00887606  0.01788450  0.03634643  0.07514158  0.16026218  0.39731376  0.75333004  1.76945011  3.27611068  
 40089600. 0.00294960  0.00887510  0.01788251  0.03634213  0.07513169  0.16023555  0.39718934  0.75226128  1.76693977  3.27146281  
 40262400. 0.00294929  0.00887415  0.01788052  0.03633784  0.07512178  0.16020873  0.39706327  0.75119662  1.76443904  3.26683275  
 40435200. 0.00294898  0.00887319  0.01787853  0.03633354  0.07511183  0.16018168  0.39693553  0.75013613  1.76194812  3.26222086  
 40608000. 0.00294866  0.00887223  0.01787652  0.03632921  0.07510182  0.16015438  0.39680610  0.74907988  1.75946718  3.25762742  
 40780800. 0.00294835  0.00887126  0.01787451  0.03632486  0.07509173  0.16012680  0.39667496  0.74802794  1.75699632  3.25305268  
 40953600. 0.00294803  0.00887029  0.01787247  0.03632047  0.07508156  0.16009890  0.39654212  0.74698033  1.75453566  3.24849680  
 41126400. 0.00294771  0.00886931  0.01787042  0.03631605  0.07507128  0.16007068  0.39640756  0.74593709  1.75208526  3.24395991  
 41299200. 0.00294738  0.00886831  0.01786835  0.03631157  0.07506089  0.16004212  0.39627129  0.74489823  1.74964516  3.23944210  
 41472000. 0.00294705  0.00886731  0.01786626  0.03630705  0.07505038  0.16001319  0.39613330  0.74386378  1.74721539  3.23494343  
 41644800. 0.00294672  0.00886629  0.01786414  0.03630247  0.07503974  0.15998389  0.39599360  0.74283373  1.74479598  3.23046392  
 41817600. 0.00294638  0.00886526  0.01786199  0.03629783  0.07502897  0.15995422  0.39585218  0.74180809  1.74238692  3.22600358  
 41990400. 0.00294604  0.00886422  0.01785981  0.03629314  0.07501806  0.15992415  0.39570907  0.74078686  1.73998820  3.22156239  
 42163200. 0.00294570  0.00886316  0.01785761  0.03628838  0.07500700  0.15989368  0.39556425  0.73977002  1.73759980  3.21714031  
 42336000. 0.00294535  0.00886209  0.01785538  0.03628356  0.07499579  0.15986280  0.39541775  0.73875756  1.73522170  3.21273729  
 42508800. 0.00294499  0.00886100  0.01785311  0.03627867  0.07498443  0.15983152  0.39526957  0.73774947  1.73285386  3.20835327  
 42681600. 0.00294463  0.00885990  0.01785082  0.03627371  0.07497292  0.15979982  0.39511971  0.73674573  1.73049624  3.20398816  
 42854400. 0.00294427  0.00885878  0.01784849  0.03626869  0.07496124  0.15976770  0.39496820  0.73574632  1.72814879  3.19964189  
 43027200. 0.00294390  0.00885765  0.01784613  0.03626359  0.07494941  0.15973517  0.39481504  0.73475122  1.72581146  3.19531437  
 43200000. 0.00294352  0.00885650  0.01784373  0.03625842  0.07493741  0.15970220  0.39466024  0.73376041  1.72348420  3.19100548  
 43372800. 0.00294314  0.00885534  0.01784131  0.03625318  0.07492525  0.15966881  0.39450382  0.73277386  1.72116696  3.18671514  
 43545600. 0.00294275  0.00885415  0.01783884  0.03624787  0.07491293  0.15963500  0.39434578  0.73179154  1.71885967  3.18244322  
 43718400. 0.00294236  0.00885296  0.01783635  0.03624248  0.07490043  0.15960075  0.39418614  0.73081344  1.71656226  3.17818961  
 43891200. 0.00294197  0.00885174  0.01783381  0.03623702  0.07488777  0.15956607  0.39402492  0.72983953  1.71427469  3.17395420  
 44064000. 0.00294156  0.00885051  0.01783125  0.03623148  0.07487494  0.15953096  0.39386212  0.72886976  1.71199687  3.16973686  
 44236800. 0.00294115  0.00884926  0.01782864  0.03622587  0.07486194  0.15949542  0.39369775  0.72790413  1.70972876  3.16553748  
 44409600. 0.00294074  0.00884799  0.01782601  0.03622018  0.07484877  0.15945944  0.39353184  0.72694260  1.70747027  3.16135592  
 44582400. 0.00294032  0.00884671  0.01782333  0.03621442  0.07483543  0.15942303  0.39336440  0.72598514  1.70522135  3.15719207  
 44755200. 0.00293990  0.00884541  0.01782062  0.03620858  0.07482191  0.15938619  0.39319543  0.72503171  1.70298192  3.15304580  
 44928000. 0.00293946  0.00884409  0.01781788  0.03620266  0.07480822  0.15934892  0.39302495  0.72408231  1.70075191  3.14891698  
 45100800. 0.00293903  0.00884275  0.01781509  0.03619667  0.07479436  0.15931121  0.39285297  0.72313688  1.69853126  3.14480548  
 45273600. 0.00293859  0.00884140  0.01781227  0.03619059  0.07478033  0.15927307  0.39267952  0.72219541  1.69631990  3.14071118  
 45446400. 0.00293814  0.00884003  0.01780942  0.03618444  0.07476612  0.15923450  0.39250459  0.72125787  1.69411776  3.13663394  
 45619200. 0.00293768  0.00883864  0.01780653  0.03617822  0.07475173  0.15919549  0.39232821  0.72032422  1.69192477  3.13257365  
 45792000. 0.00293722  0.00883723  0.01780360  0.03617191  0.07473718  0.15915605  0.39215038  0.71939443  1.68974085  3.12853016  
 45964800. 0.00293676  0.00883580  0.01780063  0.03616552  0.07472244  0.15911617  0.39197113  0.71846848  1.68756595  3.12450336  
 46137600. 0.00293629  0.00883436  0.01779763  0.03615906  0.07470754  0.15907587  0.39179046  0.71754634  1.68539999  3.12049312  
 46310400. 0.00293581  0.00883290  0.01779459  0.03615252  0.07469245  0.15903513  0.39160838  0.71662798  1.68324290  3.11649931  
 46483200. 0.00293532  0.00883142  0.01779151  0.03614589  0.07467719  0.15899397  0.39142492  0.71571337  1.68109462  3.11252180  
 46656000. 0.00293483  0.00882992  0.01778839  0.03613919  0.07466176  0.15895237  0.39124007  0.71480247  1.67895508  3.10856047  
 46828800. 0.00293434  0.00882841  0.01778524  0.03613241  0.07464615  0.15891034  0.39105387  0.71389527  1.67682421  3.10461519  
 47001600. 0.00293384  0.00882687  0.01778205  0.03612555  0.07463036  0.15886788  0.39086631  0.71299173  1.67470194  3.10068585  
 47174400. 0.00293333  0.00882532  0.01777882  0.03611861  0.07461439  0.15882499  0.39067741  0.71209183  1.67258821  3.09677231  
 47347200. 0.00293282  0.00882375  0.01777555  0.03611158  0.07459825  0.15878167  0.39048719  0.71119553  1.67048296  3.09287446  
 47520000. 0.00293230  0.00882216  0.01777225  0.03610448  0.07458192  0.15873792  0.39029565  0.71030281  1.66838610  3.08899216  
 47692800. 0.00293177  0.00882055  0.01776890  0.03609730  0.07456542  0.15869374  0.39010281  0.70941364  1.66629759  3.08512531  
 47865600. 0.00293124  0.00881893  0.01776552  0.03609004  0.07454875  0.15864913  0.38990868  0.70852800  1.66421735  3.08127378  
 48038400. 0.00293070  0.00881728  0.01776210  0.03608269  0.07453189  0.15860410  0.38971328  0.70764585  1.66214532  3.07743745  
 48211200. 0.00293016  0.00881562  0.01775864  0.03607527  0.07451486  0.15855864  0.38951661  0.70676716  1.66008144  3.07361621  
 48384000. 0.00292961  0.00881394  0.01775515  0.03606776  0.07449764  0.15851275  0.38931869  0.70589192  1.65802565  3.06980993  
